/*
 * Sponsored License - for use in support of a program or activity
 * sponsored by MathWorks.  Not for government, commercial or other
 * non-sponsored organizational use.
 *
 * File: TorqueVectoring_data.c
 *
 * Code generated for Simulink model 'TorqueVectoring'.
 *
 * Model version                  : 1.0
 * Simulink Coder version         : 9.6 (R2021b) 14-May-2021
 * C/C++ source code generated on : Wed Mar 27 18:22:20 2024
 *
 * Target selection: ert.tlc
 * Embedded hardware selection: ARM Compatible->ARM Cortex-M
 * Code generation objectives:
 *    1. Execution efficiency
 *    2. RAM efficiency
 * Validation result: Not run
 */

#include "TorqueVectoring.h"

/* Constant parameters (default storage) */
const ConstP rtConstP = {
  /* Expression: lastPcov
   * Referenced by: '<S13>/LastPcov'
   */
  { 0.99995014210330346, 1.2281771885021569E-18, 1.5071626417781368E-19,
    6.9576200037709507E-6, 9.9243004996226948E-6, -3.3127157255606756E-18,
    1.2281771885021569E-18, 9.9999999999999978E-5, -5.2285225027488508E-20,
    1.7597713423363803E-18, -7.9894264467338809E-20, 2.73296008920717E-20,
    1.5071626417781368E-19, -5.2285225027488508E-20, 1.1819944322044953E-30,
    4.0530579303152628E-17, -5.1089536695713137E-18, 2.0667611905162605E-18,
    6.9576200037709507E-6, 1.7597713423363803E-18, 4.0530579303152628E-17,
    0.0014077289060602759, -4.1088708951106595E-6, -1.0924237588108321E-16,
    9.9243004996226948E-6, -7.9894264467338809E-20, -5.1089536695713137E-18,
    -4.1088708951106595E-6, 0.0010005416827222819, 1.4445657673304104E-16,
    -3.3127157255606756E-18, 2.73296008920717E-20, 2.0667611905162605E-18,
    -1.0924237588108321E-16, 1.4445657673304104E-16, 0.001000500125000512 }
};

/*
 * File trailer for generated code.
 *
 * [EOF]
 */
